length,support,support_ratio,event_type_sequence,locations,weights,weight_ratios
2,7.302849575675092,0.7302849575675092,Coffee Shop -> Food & Drink Shop,"[(-74.00898152589798, 40.71152385094095), (-74.00898152589798, 40.7540041755368)]","(7.302849575675092,)","(0.7302849575675092,)"
2,7.2525368585965815,0.7252536858596581,Bar -> Food & Drink Shop,"[(-74.00898152589798, 40.71152385094095), (-74.00898152589798, 40.7540041755368)]","(7.2525368585965815,)","(0.7252536858596581,)"
2,7.248278859566925,0.7248278859566926,Gym / Fitness Center -> Food & Drink Shop,"[(-74.00898152589798, 40.7540041755368), (-74.00898152589798, 40.7540041755368)]","(7.248278859566925,)","(0.7248278859566926,)"
2,7.139316342937351,0.7139316342937352,Gym / Fitness Center -> Food & Drink Shop,"[(-73.94991821050644, 40.79648450013265), (-74.00898152589798, 40.7540041755368)]","(7.139316342937351,)","(0.7139316342937352,)"
2,6.871475205554448,0.6871475205554448,Office -> Food & Drink Shop,"[(-74.00898152589798, 40.71152385094095), (-74.00898152589798, 40.7540041755368)]","(6.871475205554448,)","(0.6871475205554448,)"
2,6.814822633220434,0.6814822633220434,Neighborhood -> Food & Drink Shop,"[(-74.00898152589798, 40.71152385094095), (-74.00898152589798, 40.7540041755368)]","(6.814822633220434,)","(0.6814822633220434,)"
2,6.707422451143355,0.6707422451143354,Park -> Food & Drink Shop,"[(-74.00898152589798, 40.7540041755368), (-74.00898152589798, 40.7540041755368)]","(6.707422451143355,)","(0.6707422451143354,)"
2,6.634079863185653,0.6634079863185652,Coffee Shop -> Subway,"[(-74.00898152589798, 40.71152385094095), (-74.00898152589798, 40.7540041755368)]","(6.634079863185653,)","(0.6634079863185652,)"
2,6.602336046857045,0.6602336046857045,Bar -> Subway,"[(-74.00898152589798, 40.71152385094095), (-74.00898152589798, 40.7540041755368)]","(6.602336046857045,)","(0.6602336046857045,)"
2,6.558108032935961,0.6558108032935961,Gym / Fitness Center -> Subway,"[(-74.00898152589798, 40.7540041755368), (-74.00898152589798, 40.7540041755368)]","(6.558108032935961,)","(0.6558108032935961,)"
2,6.5045142198629575,0.6504514219862958,Food & Drink Shop -> Subway,"[(-74.00898152589798, 40.71152385094095), (-74.00898152589798, 40.7540041755368)]","(6.5045142198629575,)","(0.6504514219862958,)"
2,6.441068028601309,0.6441068028601309,Gym / Fitness Center -> Subway,"[(-73.94991821050644, 40.79648450013265), (-74.00898152589798, 40.7540041755368)]","(6.441068028601309,)","(0.6441068028601309,)"
2,6.408044189045042,0.6408044189045042,Coffee Shop -> Food & Drink Shop,"[(-73.94991821050644, 40.7540041755368), (-74.00898152589798, 40.7540041755368)]","(6.408044189045042,)","(0.6408044189045042,)"
2,6.2983403088975525,0.6298340308897552,Office -> Subway,"[(-74.00898152589798, 40.71152385094095), (-74.00898152589798, 40.7540041755368)]","(6.2983403088975525,)","(0.6298340308897552,)"
2,6.262510313395727,0.6262510313395727,Neighborhood -> Food & Drink Shop,"[(-74.00898152589798, 40.7540041755368), (-74.00898152589798, 40.7540041755368)]","(6.262510313395727,)","(0.6262510313395727,)"
2,6.139874458371663,0.6139874458371664,Park -> Food & Drink Shop,"[(-73.94991821050644, 40.79648450013265), (-74.00898152589798, 40.7540041755368)]","(6.139874458371663,)","(0.6139874458371664,)"
2,6.129510070291528,0.6129510070291528,Neighborhood -> Subway,"[(-74.00898152589798, 40.71152385094095), (-74.00898152589798, 40.7540041755368)]","(6.129510070291528,)","(0.6129510070291528,)"
2,6.030270257488379,0.6030270257488379,Park -> Subway,"[(-74.00898152589798, 40.7540041755368), (-74.00898152589798, 40.7540041755368)]","(6.030270257488379,)","(0.6030270257488379,)"
2,5.897643540649629,0.5897643540649629,Gym / Fitness Center -> Food & Drink Shop,"[(-74.00898152589798, 40.79648450013265), (-74.00898152589798, 40.7540041755368)]","(5.897643540649629,)","(0.5897643540649629,)"
2,5.822891869677216,0.5822891869677216,Coffee Shop -> Food & Drink Shop,"[(-74.00898152589798, 40.79648450013265), (-74.00898152589798, 40.7540041755368)]","(5.822891869677216,)","(0.5822891869677216,)"
2,5.752786351052248,0.5752786351052248,Coffee Shop -> Subway,"[(-73.94991821050644, 40.7540041755368), (-74.00898152589798, 40.7540041755368)]","(5.752786351052248,)","(0.5752786351052248,)"
2,5.6779515219946335,0.5677951521994633,Train Station -> Food & Drink Shop,"[(-73.8908548951149, 40.7540041755368), (-74.00898152589798, 40.7540041755368)]","(5.6779515219946335,)","(0.5677951521994633,)"
2,5.615171918368327,0.5615171918368327,Neighborhood -> Subway,"[(-74.00898152589798, 40.7540041755368), (-74.00898152589798, 40.7540041755368)]","(5.615171918368327,)","(0.5615171918368327,)"
2,5.50446774016849,0.550446774016849,Park -> Subway,"[(-73.94991821050644, 40.79648450013265), (-74.00898152589798, 40.7540041755368)]","(5.50446774016849,)","(0.550446774016849,)"
2,5.278634095154027,0.5278634095154027,Gym / Fitness Center -> Subway,"[(-74.00898152589798, 40.79648450013265), (-74.00898152589798, 40.7540041755368)]","(5.278634095154027,)","(0.5278634095154027,)"
2,5.212911452283135,0.5212911452283134,Coffee Shop -> Subway,"[(-74.00898152589798, 40.79648450013265), (-74.00898152589798, 40.7540041755368)]","(5.212911452283135,)","(0.5212911452283134,)"
2,5.092837754514811,0.5092837754514811,Subway -> Food & Drink Shop,"[(-73.94991821050644, 40.7540041755368), (-74.00898152589798, 40.7540041755368)]","(5.092837754514811,)","(0.5092837754514811,)"
2,5.080226194214122,0.5080226194214121,Train Station -> Subway,"[(-73.8908548951149, 40.7540041755368), (-74.00898152589798, 40.7540041755368)]","(5.080226194214122,)","(0.5080226194214121,)"
2,5.064627785757178,0.5064627785757179,Subway -> Food & Drink Shop,"[(-74.00898152589798, 40.6690435263451), (-74.00898152589798, 40.7540041755368)]","(5.064627785757178,)","(0.5064627785757179,)"
2,4.8412009299578145,0.48412009299578146,Other Great Outdoors -> Food & Drink Shop,"[(-73.94991821050644, 40.7540041755368), (-74.00898152589798, 40.7540041755368)]","(4.8412009299578145,)","(0.48412009299578146,)"
2,4.796587549034592,0.47965875490345916,Food & Drink Shop -> Subway,"[(-74.00898152589798, 40.7540041755368), (-74.00898152589798, 40.7540041755368)]","(4.796587549034592,)","(0.47965875490345916,)"
3,4.779759081393302,0.4779759081393302,Other Great Outdoors -> Food & Drink Shop -> Subway,"[(-73.94991821050644, 40.79648450013265), (-74.00898152589798, 40.7540041755368), (-74.00898152589798, 40.7540041755368)]","(4.779759081393302, 4.796587549034592)","(0.4779759081393302, 0.47965875490345916)"
2,4.779759081393302,0.4779759081393302,Other Great Outdoors -> Food & Drink Shop,"[(-73.94991821050644, 40.79648450013265), (-74.00898152589798, 40.7540041755368)]","(4.779759081393302,)","(0.4779759081393302,)"
3,4.678635175186567,0.46786351751865674,Neighborhood -> Food & Drink Shop -> Subway,"[(-73.94991821050644, 40.79648450013265), (-74.00898152589798, 40.7540041755368), (-74.00898152589798, 40.7540041755368)]","(4.678635175186567, 4.796587549034592)","(0.46786351751865674, 0.47965875490345916)"
2,4.678635175186567,0.46786351751865674,Neighborhood -> Food & Drink Shop,"[(-73.94991821050644, 40.79648450013265), (-74.00898152589798, 40.7540041755368)]","(4.678635175186567,)","(0.46786351751865674,)"
3,4.408022560166094,0.4408022560166094,Coffee Shop -> Food & Drink Shop -> Subway,"[(-74.00898152589798, 40.6690435263451), (-74.00898152589798, 40.7540041755368), (-74.00898152589798, 40.7540041755368)]","(4.408022560166094, 4.796587549034592)","(0.4408022560166094, 0.47965875490345916)"
2,4.408022560166094,0.4408022560166094,Coffee Shop -> Food & Drink Shop,"[(-74.00898152589798, 40.6690435263451), (-74.00898152589798, 40.7540041755368)]","(4.408022560166094,)","(0.4408022560166094,)"
3,4.407410559916912,0.4407410559916912,Deli / Bodega -> Food & Drink Shop -> Subway,"[(-74.00898152589798, 40.71152385094095), (-74.00898152589798, 40.7540041755368), (-74.00898152589798, 40.7540041755368)]","(4.407410559916912, 4.796587549034592)","(0.4407410559916912, 0.47965875490345916)"
2,4.407410559916912,0.4407410559916912,Deli / Bodega -> Food & Drink Shop,"[(-74.00898152589798, 40.71152385094095), (-74.00898152589798, 40.7540041755368)]","(4.407410559916912,)","(0.4407410559916912,)"
2,4.3239453312936815,0.43239453312936815,Other Great Outdoors -> Subway,"[(-73.94991821050644, 40.7540041755368), (-74.00898152589798, 40.7540041755368)]","(4.3239453312936815,)","(0.43239453312936815,)"
3,4.310549385752363,0.43105493857523636,Train Station -> Food & Drink Shop -> Subway,"[(-74.00898152589798, 40.7540041755368), (-74.00898152589798, 40.7540041755368), (-74.00898152589798, 40.7540041755368)]","(4.310549385752363, 4.796587549034592)","(0.43105493857523636, 0.47965875490345916)"
2,4.310549385752363,0.43105493857523636,Train Station -> Food & Drink Shop,"[(-74.00898152589798, 40.7540041755368), (-74.00898152589798, 40.7540041755368)]","(4.310549385752363,)","(0.43105493857523636,)"
2,4.269103315167283,0.4269103315167283,Other Great Outdoors -> Subway,"[(-73.94991821050644, 40.79648450013265), (-74.00898152589798, 40.7540041755368)]","(4.269103315167283,)","(0.4269103315167283,)"
2,4.1788385377456585,0.4178838537745658,Neighborhood -> Subway,"[(-73.94991821050644, 40.79648450013265), (-74.00898152589798, 40.7540041755368)]","(4.1788385377456585,)","(0.4178838537745658,)"
3,4.095750267931915,0.40957502679319147,Coffee Shop -> Food & Drink Shop -> Subway,"[(-74.00898152589798, 40.7540041755368), (-74.00898152589798, 40.7540041755368), (-74.00898152589798, 40.7540041755368)]","(4.095750267931915, 4.796587549034592)","(0.40957502679319147, 0.47965875490345916)"
2,4.095750267931915,0.40957502679319147,Coffee Shop -> Food & Drink Shop,"[(-74.00898152589798, 40.7540041755368), (-74.00898152589798, 40.7540041755368)]","(4.095750267931915,)","(0.40957502679319147,)"
2,3.9901813314426975,0.39901813314426976,Home (private) -> Bus Station,"[(-74.12710815668106, 40.62656320174925), (-74.12710815668106, 40.62656320174925)]","(3.9901813314426975,)","(0.39901813314426976,)"
2,3.9372231279785055,0.3937223127978505,Coffee Shop -> Subway,"[(-74.00898152589798, 40.6690435263451), (-74.00898152589798, 40.7540041755368)]","(3.9372231279785055,)","(0.3937223127978505,)"
2,3.9366777460250297,0.39366777460250296,Deli / Bodega -> Subway,"[(-74.00898152589798, 40.71152385094095), (-74.00898152589798, 40.7540041755368)]","(3.9366777460250297,)","(0.39366777460250296,)"
2,3.8501513797773854,0.38501513797773856,Train Station -> Subway,"[(-74.00898152589798, 40.7540041755368), (-74.00898152589798, 40.7540041755368)]","(3.8501513797773854,)","(0.38501513797773856,)"
3,3.8192740829572487,0.38192740829572486,American Restaurant -> Food & Drink Shop -> Subway,"[(-73.94991821050644, 40.7540041755368), (-74.00898152589798, 40.7540041755368), (-74.00898152589798, 40.7540041755368)]","(3.8192740829572487, 4.796587549034592)","(0.38192740829572486, 0.47965875490345916)"
2,3.8192740829572487,0.38192740829572486,American Restaurant -> Food & Drink Shop,"[(-73.94991821050644, 40.7540041755368), (-74.00898152589798, 40.7540041755368)]","(3.8192740829572487,)","(0.38192740829572486,)"
3,3.7828477470426183,0.3782847747042618,Office -> Food & Drink Shop -> Subway,"[(-73.94991821050644, 40.7540041755368), (-74.00898152589798, 40.7540041755368), (-74.00898152589798, 40.7540041755368)]","(3.7828477470426183, 4.796587549034592)","(0.3782847747042618, 0.47965875490345916)"
2,3.7828477470426183,0.3782847747042618,Office -> Food & Drink Shop,"[(-73.94991821050644, 40.7540041755368), (-74.00898152589798, 40.7540041755368)]","(3.7828477470426183,)","(0.3782847747042618,)"
2,3.6651390786181604,0.36651390786181604,American Restaurant -> Neighborhood,"[(-73.77272826433182, 40.7540041755368), (-73.83179157972336, 40.7540041755368)]","(3.6651390786181604,)","(0.36651390786181604,)"
2,3.658272820760665,0.3658272820760665,Coffee Shop -> Subway,"[(-74.00898152589798, 40.7540041755368), (-74.00898152589798, 40.7540041755368)]","(3.658272820760665,)","(0.3658272820760665,)"
2,3.6142383264862334,0.3614238326486233,Bus Station -> Neighborhood,"[(-73.83179157972336, 40.7540041755368), (-73.83179157972336, 40.7540041755368)]","(3.6142383264862334,)","(0.3614238326486233,)"
3,3.523187989495996,0.3523187989495996,Bus Station -> Food & Drink Shop -> Subway,"[(-74.00898152589798, 40.7540041755368), (-74.00898152589798, 40.7540041755368), (-74.00898152589798, 40.7540041755368)]","(3.523187989495996, 4.796587549034592)","(0.3523187989495996, 0.47965875490345916)"
2,3.523187989495996,0.3523187989495996,Bus Station -> Food & Drink Shop,"[(-74.00898152589798, 40.7540041755368), (-74.00898152589798, 40.7540041755368)]","(3.523187989495996,)","(0.3523187989495996,)"
2,3.4648568221320657,0.3464856822132066,Coffee Shop -> Neighborhood,"[(-73.94991821050644, 40.7540041755368), (-73.83179157972336, 40.7540041755368)]","(3.4648568221320657,)","(0.3464856822132066,)"
2,3.4479796371952025,0.34479796371952026,Food & Drink Shop -> Neighborhood,"[(-73.77272826433182, 40.71152385094095), (-73.83179157972336, 40.7540041755368)]","(3.4479796371952025,)","(0.34479796371952026,)"
2,3.411462086342572,0.3411462086342572,American Restaurant -> Subway,"[(-73.94991821050644, 40.7540041755368), (-74.00898152589798, 40.7540041755368)]","(3.411462086342572,)","(0.3411462086342572,)"
2,3.378927406696186,0.3378927406696186,Office -> Subway,"[(-73.94991821050644, 40.7540041755368), (-74.00898152589798, 40.7540041755368)]","(3.378927406696186,)","(0.3378927406696186,)"
3,3.2849990838561283,0.3284999083856128,Residential Building (Apartment / Condo) -> Food & Drink Shop -> Subway,"[(-74.00898152589798, 40.71152385094095), (-74.00898152589798, 40.7540041755368), (-74.00898152589798, 40.7540041755368)]","(3.2849990838561283, 4.796587549034592)","(0.3284999083856128, 0.47965875490345916)"
2,3.2849990838561283,0.3284999083856128,Residential Building (Apartment / Condo) -> Food & Drink Shop,"[(-74.00898152589798, 40.71152385094095), (-74.00898152589798, 40.7540041755368)]","(3.2849990838561283,)","(0.3284999083856128,)"
2,3.1528961964590594,0.31528961964590596,Train Station -> Neighborhood,"[(-73.77272826433182, 40.7540041755368), (-73.83179157972336, 40.7540041755368)]","(3.1528961964590594,)","(0.31528961964590596,)"
2,3.1469591949315574,0.31469591949315573,Bus Station -> Subway,"[(-74.00898152589798, 40.7540041755368), (-74.00898152589798, 40.7540041755368)]","(3.1469591949315574,)","(0.31469591949315573,)"
2,3.089343632730216,0.3089343632730216,Train Station -> Neighborhood,"[(-73.8908548951149, 40.7540041755368), (-73.83179157972336, 40.7540041755368)]","(3.089343632730216,)","(0.3089343632730216,)"
3,2.9430824430663995,0.29430824430663993,Deli / Bodega -> Food & Drink Shop -> Subway,"[(-74.00898152589798, 40.7540041755368), (-74.00898152589798, 40.7540041755368), (-74.00898152589798, 40.7540041755368)]","(2.9430824430663995, 4.796587549034592)","(0.29430824430663993, 0.47965875490345916)"
2,2.9430824430663995,0.29430824430663993,Deli / Bodega -> Food & Drink Shop,"[(-74.00898152589798, 40.7540041755368), (-74.00898152589798, 40.7540041755368)]","(2.9430824430663995,)","(0.29430824430663993,)"
2,2.9374994111986563,0.29374994111986563,Residential Building (Apartment / Condo) -> Subway,"[(-74.00898152589798, 40.71152385094095), (-74.00898152589798, 40.7540041755368)]","(2.9374994111986563,)","(0.29374994111986563,)"
2,2.820332171242532,0.2820332171242532,Gym / Fitness Center -> Home (private),"[(-73.94991821050644, 40.79648450013265), (-73.94991821050644, 40.71152385094095)]","(2.820332171242532,)","(0.2820332171242532,)"
2,2.788545841970677,0.27885458419706766,Gym / Fitness Center -> Home (private),"[(-74.00898152589798, 40.7540041755368), (-73.94991821050644, 40.71152385094095)]","(2.788545841970677,)","(0.27885458419706766,)"
2,2.775663593766062,0.2775663593766062,Neighborhood -> Home (private),"[(-74.00898152589798, 40.71152385094095), (-73.94991821050644, 40.71152385094095)]","(2.775663593766062,)","(0.2775663593766062,)"
2,2.7749785369173923,0.27749785369173924,Subway -> Neighborhood,"[(-73.94991821050644, 40.7540041755368), (-73.83179157972336, 40.7540041755368)]","(2.7749785369173923,)","(0.27749785369173924,)"
2,2.766595177084919,0.2766595177084919,Train Station -> Neighborhood,"[(-73.83179157972336, 40.71152385094095), (-73.83179157972336, 40.7540041755368)]","(2.766595177084919,)","(0.2766595177084919,)"
2,2.744811927916502,0.27448119279165023,Park -> Home (private),"[(-74.00898152589798, 40.7540041755368), (-73.94991821050644, 40.71152385094095)]","(2.744811927916502,)","(0.27448119279165023,)"
2,2.7390801216599074,0.27390801216599076,Bar -> Neighborhood,"[(-73.77272826433182, 40.71152385094095), (-73.83179157972336, 40.7540041755368)]","(2.7390801216599074,)","(0.27390801216599076,)"
2,2.6990952667113577,0.26990952667113577,Food & Drink Shop -> Home (private),"[(-73.94991821050644, 40.6690435263451), (-73.94991821050644, 40.71152385094095)]","(2.6990952667113577,)","(0.26990952667113577,)"
3,2.694792818176639,0.2694792818176639,Train Station -> Food & Drink Shop -> Subway,"[(-73.94991821050644, 40.7540041755368), (-74.00898152589798, 40.7540041755368), (-74.00898152589798, 40.7540041755368)]","(2.694792818176639, 4.796587549034592)","(0.2694792818176639, 0.47965875490345916)"
2,2.694792818176639,0.2694792818176639,Train Station -> Food & Drink Shop,"[(-73.94991821050644, 40.7540041755368), (-74.00898152589798, 40.7540041755368)]","(2.694792818176639,)","(0.2694792818176639,)"
2,2.646499095346791,0.2646499095346791,Coffee Shop -> Home (private),"[(-73.94991821050644, 40.7540041755368), (-73.94991821050644, 40.71152385094095)]","(2.646499095346791,)","(0.2646499095346791,)"
2,2.638808163817081,0.26388081638170807,Other Great Outdoors -> Neighborhood,"[(-73.94991821050644, 40.7540041755368), (-73.83179157972336, 40.7540041755368)]","(2.638808163817081,)","(0.26388081638170807,)"
2,2.6251147289179664,0.26251147289179666,Coffee Shop -> Home (private),"[(-74.00898152589798, 40.71152385094095), (-73.94991821050644, 40.71152385094095)]","(2.6251147289179664,)","(0.26251147289179666,)"
2,2.6047965069899117,0.26047965069899115,Deli / Bodega -> Subway,"[(-74.00898152589798, 40.7540041755368), (-74.00898152589798, 40.7540041755368)]","(2.6047965069899117,)","(0.26047965069899115,)"
2,2.5927909495601678,0.25927909495601675,Neighborhood -> Home (private),"[(-74.00898152589798, 40.7540041755368), (-73.94991821050644, 40.71152385094095)]","(2.5927909495601678,)","(0.25927909495601675,)"
2,2.561181305162405,0.2561181305162405,Subway -> Home (private),"[(-74.00898152589798, 40.7540041755368), (-73.94991821050644, 40.71152385094095)]","(2.561181305162405,)","(0.2561181305162405,)"
2,2.5464543125285575,0.25464543125285577,Park -> Home (private),"[(-73.94991821050644, 40.79648450013265), (-73.94991821050644, 40.71152385094095)]","(2.5464543125285575,)","(0.25464543125285577,)"
3,2.4730390369819975,0.24730390369819974,Home (private) -> Food & Drink Shop -> Subway,"[(-73.94991821050644, 40.71152385094095), (-74.00898152589798, 40.7540041755368), (-74.00898152589798, 40.7540041755368)]","(2.4730390369819975, 4.796587549034592)","(0.24730390369819974, 0.47965875490345916)"
2,2.4730390369819975,0.24730390369819974,Home (private) -> Food & Drink Shop,"[(-73.94991821050644, 40.71152385094095), (-74.00898152589798, 40.7540041755368)]","(2.4730390369819975,)","(0.24730390369819974,)"
4,2.4518913446606585,0.24518913446606586,Bar -> Home (private) -> Food & Drink Shop -> Subway,"[(-74.00898152589798, 40.71152385094095), (-73.94991821050644, 40.71152385094095), (-74.00898152589798, 40.7540041755368), (-74.00898152589798, 40.7540041755368)]","(2.4518913446606585, 2.4730390369819975, 4.796587549034592)","(0.24518913446606586, 0.24730390369819974, 0.47965875490345916)"
3,2.4518913446606585,0.24518913446606586,Bar -> Home (private) -> Food & Drink Shop,"[(-74.00898152589798, 40.71152385094095), (-73.94991821050644, 40.71152385094095), (-74.00898152589798, 40.7540041755368)]","(2.4518913446606585, 2.4730390369819975)","(0.24518913446606586, 0.24730390369819974)"
2,2.4518913446606585,0.24518913446606586,Bar -> Home (private),"[(-74.00898152589798, 40.71152385094095), (-73.94991821050644, 40.71152385094095)]","(2.4518913446606585,)","(0.24518913446606586,)"
4,2.434105402839306,0.2434105402839306,Deli / Bodega -> Home (private) -> Food & Drink Shop -> Subway,"[(-74.00898152589798, 40.7540041755368), (-73.94991821050644, 40.71152385094095), (-74.00898152589798, 40.7540041755368), (-74.00898152589798, 40.7540041755368)]","(2.434105402839306, 2.4730390369819975, 4.796587549034592)","(0.2434105402839306, 0.24730390369819974, 0.47965875490345916)"
3,2.434105402839306,0.2434105402839306,Deli / Bodega -> Home (private) -> Food & Drink Shop,"[(-74.00898152589798, 40.7540041755368), (-73.94991821050644, 40.71152385094095), (-74.00898152589798, 40.7540041755368)]","(2.434105402839306, 2.4730390369819975)","(0.2434105402839306, 0.24730390369819974)"
2,2.434105402839306,0.2434105402839306,Deli / Bodega -> Home (private),"[(-74.00898152589798, 40.7540041755368), (-73.94991821050644, 40.71152385094095)]","(2.434105402839306,)","(0.2434105402839306,)"
3,2.4109282198309088,0.24109282198309087,Train Station -> Subway -> Home (private),"[(-73.94991821050644, 40.7540041755368), (-74.00898152589798, 40.7540041755368), (-73.94991821050644, 40.71152385094095)]","(2.4109282198309088, 2.561181305162405)","(0.24109282198309087, 0.2561181305162405)"
2,2.4109282198309088,0.24109282198309087,Train Station -> Subway,"[(-73.94991821050644, 40.7540041755368), (-74.00898152589798, 40.7540041755368)]","(2.4109282198309088,)","(0.24109282198309087,)"
3,2.366852439182498,0.2366852439182498,Office -> Food & Drink Shop -> Subway,"[(-74.00898152589798, 40.7540041755368), (-74.00898152589798, 40.7540041755368), (-74.00898152589798, 40.7540041755368)]","(2.366852439182498, 4.796587549034592)","(0.2366852439182498, 0.47965875490345916)"
2,2.366852439182498,0.2366852439182498,Office -> Food & Drink Shop,"[(-74.00898152589798, 40.7540041755368), (-74.00898152589798, 40.7540041755368)]","(2.366852439182498,)","(0.2366852439182498,)"
4,2.363397631453874,0.2363397631453874,Train Station -> Home (private) -> Food & Drink Shop -> Subway,"[(-73.8908548951149, 40.7540041755368), (-73.94991821050644, 40.71152385094095), (-74.00898152589798, 40.7540041755368), (-74.00898152589798, 40.7540041755368)]","(2.363397631453874, 2.4730390369819975, 4.796587549034592)","(0.2363397631453874, 0.24730390369819974, 0.47965875490345916)"
3,2.363397631453874,0.2363397631453874,Train Station -> Home (private) -> Food & Drink Shop,"[(-73.8908548951149, 40.7540041755368), (-73.94991821050644, 40.71152385094095), (-74.00898152589798, 40.7540041755368)]","(2.363397631453874, 2.4730390369819975)","(0.2363397631453874, 0.24730390369819974)"
2,2.363397631453874,0.2363397631453874,Train Station -> Home (private),"[(-73.8908548951149, 40.7540041755368), (-73.94991821050644, 40.71152385094095)]","(2.363397631453874,)","(0.2363397631453874,)"
2,2.3185963861626235,0.23185963861626235,Home (private) -> Neighborhood,"[(-73.83179157972336, 40.71152385094095), (-73.83179157972336, 40.7540041755368)]","(2.3185963861626235,)","(0.23185963861626235,)"
2,2.3163458517082716,0.23163458517082716,Other Great Outdoors -> Neighborhood,"[(-73.83179157972336, 40.7540041755368), (-73.83179157972336, 40.7540041755368)]","(2.3163458517082716,)","(0.23163458517082716,)"
2,2.2386543719931526,0.22386543719931526,Food & Drink Shop -> Home (private),"[(-74.00898152589798, 40.7540041755368), (-73.94991821050644, 40.71152385094095)]","(2.2386543719931526,)","(0.22386543719931526,)"
2,2.229073865577389,0.2229073865577389,Coffee Shop -> Bus Station,"[(-74.12710815668106, 40.62656320174925), (-74.12710815668106, 40.62656320174925)]","(2.229073865577389,)","(0.2229073865577389,)"
3,2.2287740827899443,0.22287740827899444,Gym / Fitness Center -> Food & Drink Shop -> Home (private),"[(-73.94991821050644, 40.7540041755368), (-74.00898152589798, 40.7540041755368), (-73.94991821050644, 40.71152385094095)]","(2.2287740827899443, 2.2386543719931526)","(0.22287740827899444, 0.22386543719931526)"
3,2.2287740827899443,0.22287740827899444,Gym / Fitness Center -> Food & Drink Shop -> Subway,"[(-73.94991821050644, 40.7540041755368), (-74.00898152589798, 40.7540041755368), (-74.00898152589798, 40.7540041755368)]","(2.2287740827899443, 4.796587549034592)","(0.22287740827899444, 0.47965875490345916)"
2,2.2287740827899443,0.22287740827899444,Gym / Fitness Center -> Food & Drink Shop,"[(-73.94991821050644, 40.7540041755368), (-74.00898152589798, 40.7540041755368)]","(2.2287740827899443,)","(0.22287740827899444,)"
4,2.1998458702927666,0.21998458702927665,Food & Drink Shop -> Home (private) -> Food & Drink Shop -> Subway,"[(-74.00898152589798, 40.71152385094095), (-73.94991821050644, 40.71152385094095), (-74.00898152589798, 40.7540041755368), (-74.00898152589798, 40.7540041755368)]","(2.1998458702927666, 2.4730390369819975, 4.796587549034592)","(0.21998458702927665, 0.24730390369819974, 0.47965875490345916)"
3,2.1998458702927666,0.21998458702927665,Food & Drink Shop -> Home (private) -> Food & Drink Shop,"[(-74.00898152589798, 40.71152385094095), (-73.94991821050644, 40.71152385094095), (-74.00898152589798, 40.7540041755368)]","(2.1998458702927666, 2.4730390369819975)","(0.21998458702927665, 0.24730390369819974)"
2,2.1998458702927666,0.21998458702927665,Food & Drink Shop -> Home (private),"[(-74.00898152589798, 40.71152385094095), (-73.94991821050644, 40.71152385094095)]","(2.1998458702927666,)","(0.21998458702927665,)"
3,2.1779764025935915,0.21779764025935916,Gym / Fitness Center -> Food & Drink Shop -> Home (private),"[(-73.8908548951149, 40.7540041755368), (-74.00898152589798, 40.7540041755368), (-73.94991821050644, 40.71152385094095)]","(2.1779764025935915, 2.2386543719931526)","(0.21779764025935916, 0.22386543719931526)"
3,2.1779764025935915,0.21779764025935916,Gym / Fitness Center -> Food & Drink Shop -> Subway,"[(-73.8908548951149, 40.7540041755368), (-74.00898152589798, 40.7540041755368), (-74.00898152589798, 40.7540041755368)]","(2.1779764025935915, 4.796587549034592)","(0.21779764025935916, 0.47965875490345916)"
2,2.1779764025935915,0.21779764025935916,Gym / Fitness Center -> Food & Drink Shop,"[(-73.8908548951149, 40.7540041755368), (-74.00898152589798, 40.7540041755368)]","(2.1779764025935915,)","(0.21779764025935916,)"
3,2.1518175491368283,0.21518175491368283,American Restaurant -> Food & Drink Shop -> Home (private),"[(-74.00898152589798, 40.71152385094095), (-74.00898152589798, 40.7540041755368), (-73.94991821050644, 40.71152385094095)]","(2.1518175491368283, 2.2386543719931526)","(0.21518175491368283, 0.22386543719931526)"
3,2.1518175491368283,0.21518175491368283,American Restaurant -> Food & Drink Shop -> Subway,"[(-74.00898152589798, 40.71152385094095), (-74.00898152589798, 40.7540041755368), (-74.00898152589798, 40.7540041755368)]","(2.1518175491368283, 4.796587549034592)","(0.21518175491368283, 0.47965875490345916)"
2,2.1518175491368283,0.21518175491368283,American Restaurant -> Food & Drink Shop,"[(-74.00898152589798, 40.71152385094095), (-74.00898152589798, 40.7540041755368)]","(2.1518175491368283,)","(0.21518175491368283,)"
2,2.1471758175098308,0.21471758175098307,Home (private) -> Subway,"[(-73.94991821050644, 40.71152385094095), (-74.00898152589798, 40.7540041755368)]","(2.1471758175098308,)","(0.21471758175098307,)"
4,2.1236211447929603,0.21236211447929604,Subway -> Home (private) -> Food & Drink Shop -> Subway,"[(-73.94991821050644, 40.7540041755368), (-73.94991821050644, 40.71152385094095), (-74.00898152589798, 40.7540041755368), (-74.00898152589798, 40.7540041755368)]","(2.1236211447929603, 2.4730390369819975, 4.796587549034592)","(0.21236211447929604, 0.24730390369819974, 0.47965875490345916)"
3,2.1236211447929603,0.21236211447929604,Subway -> Home (private) -> Food & Drink Shop,"[(-73.94991821050644, 40.7540041755368), (-73.94991821050644, 40.71152385094095), (-74.00898152589798, 40.7540041755368)]","(2.1236211447929603, 2.4730390369819975)","(0.21236211447929604, 0.24730390369819974)"
3,2.1236211447929603,0.21236211447929604,Subway -> Home (private) -> Subway,"[(-73.94991821050644, 40.7540041755368), (-73.94991821050644, 40.71152385094095), (-74.00898152589798, 40.7540041755368)]","(2.1236211447929603, 2.1471758175098308)","(0.21236211447929604, 0.21471758175098307)"
2,2.1236211447929603,0.21236211447929604,Subway -> Home (private),"[(-73.94991821050644, 40.7540041755368), (-73.94991821050644, 40.71152385094095)]","(2.1236211447929603,)","(0.21236211447929604,)"
4,2.117268994835253,0.2117268994835253,Train Station -> Home (private) -> Food & Drink Shop -> Subway,"[(-73.83179157972336, 40.71152385094095), (-73.94991821050644, 40.71152385094095), (-74.00898152589798, 40.7540041755368), (-74.00898152589798, 40.7540041755368)]","(2.117268994835253, 2.4730390369819975, 4.796587549034592)","(0.2117268994835253, 0.24730390369819974, 0.47965875490345916)"
3,2.117268994835253,0.2117268994835253,Train Station -> Home (private) -> Food & Drink Shop,"[(-73.83179157972336, 40.71152385094095), (-73.94991821050644, 40.71152385094095), (-74.00898152589798, 40.7540041755368)]","(2.117268994835253, 2.4730390369819975)","(0.2117268994835253, 0.24730390369819974)"
3,2.117268994835253,0.2117268994835253,Train Station -> Home (private) -> Subway,"[(-73.83179157972336, 40.71152385094095), (-73.94991821050644, 40.71152385094095), (-74.00898152589798, 40.7540041755368)]","(2.117268994835253, 2.1471758175098308)","(0.2117268994835253, 0.21471758175098307)"
2,2.117268994835253,0.2117268994835253,Train Station -> Home (private),"[(-73.83179157972336, 40.71152385094095), (-73.94991821050644, 40.71152385094095)]","(2.117268994835253,)","(0.2117268994835253,)"
4,2.111998816052061,0.21119988160520609,Subway -> Home (private) -> Food & Drink Shop -> Subway,"[(-74.00898152589798, 40.6690435263451), (-73.94991821050644, 40.71152385094095), (-74.00898152589798, 40.7540041755368), (-74.00898152589798, 40.7540041755368)]","(2.111998816052061, 2.4730390369819975, 4.796587549034592)","(0.21119988160520609, 0.24730390369819974, 0.47965875490345916)"
3,2.111998816052061,0.21119988160520609,Subway -> Home (private) -> Food & Drink Shop,"[(-74.00898152589798, 40.6690435263451), (-73.94991821050644, 40.71152385094095), (-74.00898152589798, 40.7540041755368)]","(2.111998816052061, 2.4730390369819975)","(0.21119988160520609, 0.24730390369819974)"
3,2.111998816052061,0.21119988160520609,Subway -> Home (private) -> Subway,"[(-74.00898152589798, 40.6690435263451), (-73.94991821050644, 40.71152385094095), (-74.00898152589798, 40.7540041755368)]","(2.111998816052061, 2.1471758175098308)","(0.21119988160520609, 0.21471758175098307)"
2,2.111998816052061,0.21119988160520609,Subway -> Home (private),"[(-74.00898152589798, 40.6690435263451), (-73.94991821050644, 40.71152385094095)]","(2.111998816052061,)","(0.21119988160520609,)"
2,2.0978012358940616,0.20978012358940618,Bus Station -> Neighborhood,"[(-73.83179157972336, 40.71152385094095), (-73.83179157972336, 40.7540041755368)]","(2.0978012358940616,)","(0.20978012358940618,)"
2,2.0827099844016894,0.20827099844016894,American Restaurant -> Neighborhood,"[(-73.94991821050644, 40.7540041755368), (-73.83179157972336, 40.7540041755368)]","(2.0827099844016894,)","(0.20827099844016894,)"
3,2.075211094409872,0.20752110944098717,Train Station -> Food & Drink Shop -> Home (private),"[(-74.00898152589798, 40.71152385094095), (-74.00898152589798, 40.7540041755368), (-73.94991821050644, 40.71152385094095)]","(2.075211094409872, 2.2386543719931526)","(0.20752110944098717, 0.22386543719931526)"
3,2.075211094409872,0.20752110944098717,Train Station -> Food & Drink Shop -> Subway,"[(-74.00898152589798, 40.71152385094095), (-74.00898152589798, 40.7540041755368), (-74.00898152589798, 40.7540041755368)]","(2.075211094409872, 4.796587549034592)","(0.20752110944098717, 0.47965875490345916)"
2,2.075211094409872,0.20752110944098717,Train Station -> Food & Drink Shop,"[(-74.00898152589798, 40.71152385094095), (-74.00898152589798, 40.7540041755368)]","(2.075211094409872,)","(0.20752110944098717,)"
2,2.0628519035149164,0.20628519035149165,Office -> Neighborhood,"[(-73.94991821050644, 40.7540041755368), (-73.83179157972336, 40.7540041755368)]","(2.0628519035149164,)","(0.20628519035149165,)"
3,2.042459068444369,0.2042459068444369,Office -> Subway -> Home (private),"[(-74.00898152589798, 40.7540041755368), (-74.00898152589798, 40.7540041755368), (-73.94991821050644, 40.71152385094095)]","(2.042459068444369, 2.561181305162405)","(0.2042459068444369, 0.2561181305162405)"
2,2.042459068444369,0.2042459068444369,Office -> Subway,"[(-74.00898152589798, 40.7540041755368), (-74.00898152589798, 40.7540041755368)]","(2.042459068444369,)","(0.2042459068444369,)"
4,2.019508399088847,0.20195083990888468,Other Great Outdoors -> Home (private) -> Food & Drink Shop -> Subway,"[(-73.94991821050644, 40.7540041755368), (-73.94991821050644, 40.71152385094095), (-74.00898152589798, 40.7540041755368), (-74.00898152589798, 40.7540041755368)]","(2.019508399088847, 2.4730390369819975, 4.796587549034592)","(0.20195083990888468, 0.24730390369819974, 0.47965875490345916)"
3,2.019508399088847,0.20195083990888468,Other Great Outdoors -> Home (private) -> Food & Drink Shop,"[(-73.94991821050644, 40.7540041755368), (-73.94991821050644, 40.71152385094095), (-74.00898152589798, 40.7540041755368)]","(2.019508399088847, 2.4730390369819975)","(0.20195083990888468, 0.24730390369819974)"
3,2.019508399088847,0.20195083990888468,Other Great Outdoors -> Home (private) -> Subway,"[(-73.94991821050644, 40.7540041755368), (-73.94991821050644, 40.71152385094095), (-74.00898152589798, 40.7540041755368)]","(2.019508399088847, 2.1471758175098308)","(0.20195083990888468, 0.21471758175098307)"
2,2.019508399088847,0.20195083990888468,Other Great Outdoors -> Home (private),"[(-73.94991821050644, 40.7540041755368), (-73.94991821050644, 40.71152385094095)]","(2.019508399088847,)","(0.20195083990888468,)"
3,2.01332005149481,0.201332005149481,Bar -> Food & Drink Shop -> Home (private),"[(-74.00898152589798, 40.7540041755368), (-74.00898152589798, 40.7540041755368), (-73.94991821050644, 40.71152385094095)]","(2.01332005149481, 2.2386543719931526)","(0.201332005149481, 0.22386543719931526)"
3,2.01332005149481,0.201332005149481,Bar -> Food & Drink Shop -> Subway,"[(-74.00898152589798, 40.7540041755368), (-74.00898152589798, 40.7540041755368), (-74.00898152589798, 40.7540041755368)]","(2.01332005149481, 4.796587549034592)","(0.201332005149481, 0.47965875490345916)"
2,2.01332005149481,0.201332005149481,Bar -> Food & Drink Shop,"[(-74.00898152589798, 40.7540041755368), (-74.00898152589798, 40.7540041755368)]","(2.01332005149481,)","(0.201332005149481,)"
3,2.0021659524026094,0.20021659524026095,Office -> Food & Drink Shop -> Home (private),"[(-73.94991821050644, 40.79648450013265), (-74.00898152589798, 40.7540041755368), (-73.94991821050644, 40.71152385094095)]","(2.0021659524026094, 2.2386543719931526)","(0.20021659524026095, 0.22386543719931526)"
3,2.0021659524026094,0.20021659524026095,Office -> Food & Drink Shop -> Subway,"[(-73.94991821050644, 40.79648450013265), (-74.00898152589798, 40.7540041755368), (-74.00898152589798, 40.7540041755368)]","(2.0021659524026094, 4.796587549034592)","(0.20021659524026095, 0.47965875490345916)"
2,2.0021659524026094,0.20021659524026095,Office -> Food & Drink Shop,"[(-73.94991821050644, 40.79648450013265), (-74.00898152589798, 40.7540041755368)]","(2.0021659524026094,)","(0.20021659524026095,)"
3,1.99404189096907,0.199404189096907,Gym / Fitness Center -> Subway -> Home (private),"[(-73.94991821050644, 40.7540041755368), (-74.00898152589798, 40.7540041755368), (-73.94991821050644, 40.71152385094095)]","(1.99404189096907, 2.561181305162405)","(0.199404189096907, 0.2561181305162405)"
2,1.99404189096907,0.199404189096907,Gym / Fitness Center -> Subway,"[(-73.94991821050644, 40.7540041755368), (-74.00898152589798, 40.7540041755368)]","(1.99404189096907,)","(0.199404189096907,)"
4,1.9940111546571613,0.19940111546571612,Other Great Outdoors -> Home (private) -> Food & Drink Shop -> Subway,"[(-73.94991821050644, 40.79648450013265), (-73.94991821050644, 40.71152385094095), (-74.00898152589798, 40.7540041755368), (-74.00898152589798, 40.7540041755368)]","(1.9940111546571613, 2.4730390369819975, 4.796587549034592)","(0.19940111546571612, 0.24730390369819974, 0.47965875490345916)"
3,1.9940111546571613,0.19940111546571612,Other Great Outdoors -> Home (private) -> Food & Drink Shop,"[(-73.94991821050644, 40.79648450013265), (-73.94991821050644, 40.71152385094095), (-74.00898152589798, 40.7540041755368)]","(1.9940111546571613, 2.4730390369819975)","(0.19940111546571612, 0.24730390369819974)"
3,1.9940111546571613,0.19940111546571612,Other Great Outdoors -> Home (private) -> Subway,"[(-73.94991821050644, 40.79648450013265), (-73.94991821050644, 40.71152385094095), (-74.00898152589798, 40.7540041755368)]","(1.9940111546571613, 2.1471758175098308)","(0.19940111546571612, 0.21471758175098307)"
2,1.9940111546571613,0.19940111546571612,Other Great Outdoors -> Home (private),"[(-73.94991821050644, 40.79648450013265), (-73.94991821050644, 40.71152385094095)]","(1.9940111546571613,)","(0.19940111546571612,)"
3,1.9704409467739419,0.1970440946773942,Home (private) -> Food & Drink Shop -> Home (private),"[(-73.94991821050644, 40.7540041755368), (-74.00898152589798, 40.7540041755368), (-73.94991821050644, 40.71152385094095)]","(1.9704409467739419, 2.2386543719931526)","(0.1970440946773942, 0.22386543719931526)"
3,1.9704409467739419,0.1970440946773942,Home (private) -> Food & Drink Shop -> Subway,"[(-73.94991821050644, 40.7540041755368), (-74.00898152589798, 40.7540041755368), (-74.00898152589798, 40.7540041755368)]","(1.9704409467739419, 4.796587549034592)","(0.1970440946773942, 0.47965875490345916)"
2,1.9704409467739419,0.1970440946773942,Home (private) -> Food & Drink Shop,"[(-73.94991821050644, 40.7540041755368), (-74.00898152589798, 40.7540041755368)]","(1.9704409467739419,)","(0.1970440946773942,)"
4,1.9522767944376616,0.19522767944376615,Subway -> Home (private) -> Food & Drink Shop -> Subway,"[(-73.94991821050644, 40.62656320174925), (-73.94991821050644, 40.71152385094095), (-74.00898152589798, 40.7540041755368), (-74.00898152589798, 40.7540041755368)]","(1.9522767944376616, 2.4730390369819975, 4.796587549034592)","(0.19522767944376615, 0.24730390369819974, 0.47965875490345916)"
3,1.9522767944376616,0.19522767944376615,Subway -> Home (private) -> Food & Drink Shop,"[(-73.94991821050644, 40.62656320174925), (-73.94991821050644, 40.71152385094095), (-74.00898152589798, 40.7540041755368)]","(1.9522767944376616, 2.4730390369819975)","(0.19522767944376615, 0.24730390369819974)"
3,1.9522767944376616,0.19522767944376615,Subway -> Home (private) -> Subway,"[(-73.94991821050644, 40.62656320174925), (-73.94991821050644, 40.71152385094095), (-74.00898152589798, 40.7540041755368)]","(1.9522767944376616, 2.1471758175098308)","(0.19522767944376615, 0.21471758175098307)"
2,1.9522767944376616,0.19522767944376615,Subway -> Home (private),"[(-73.94991821050644, 40.62656320174925), (-73.94991821050644, 40.71152385094095)]","(1.9522767944376616,)","(0.19522767944376615,)"
4,1.9521026342982324,0.19521026342982323,Neighborhood -> Home (private) -> Food & Drink Shop -> Subway,"[(-73.94991821050644, 40.79648450013265), (-73.94991821050644, 40.71152385094095), (-74.00898152589798, 40.7540041755368), (-74.00898152589798, 40.7540041755368)]","(1.9521026342982324, 2.4730390369819975, 4.796587549034592)","(0.19521026342982323, 0.24730390369819974, 0.47965875490345916)"
3,1.9521026342982324,0.19521026342982323,Neighborhood -> Home (private) -> Food & Drink Shop,"[(-73.94991821050644, 40.79648450013265), (-73.94991821050644, 40.71152385094095), (-74.00898152589798, 40.7540041755368)]","(1.9521026342982324, 2.4730390369819975)","(0.19521026342982323, 0.24730390369819974)"
3,1.9521026342982324,0.19521026342982323,Neighborhood -> Home (private) -> Subway,"[(-73.94991821050644, 40.79648450013265), (-73.94991821050644, 40.71152385094095), (-74.00898152589798, 40.7540041755368)]","(1.9521026342982324, 2.1471758175098308)","(0.19521026342982323, 0.21471758175098307)"
2,1.9521026342982324,0.19521026342982323,Neighborhood -> Home (private),"[(-73.94991821050644, 40.79648450013265), (-73.94991821050644, 40.71152385094095)]","(1.9521026342982324,)","(0.19521026342982323,)"
3,1.9484493678461634,0.19484493678461634,Gym / Fitness Center -> Subway -> Home (private),"[(-73.8908548951149, 40.7540041755368), (-74.00898152589798, 40.7540041755368), (-73.94991821050644, 40.71152385094095)]","(1.9484493678461634, 2.561181305162405)","(0.19484493678461634, 0.2561181305162405)"
2,1.9484493678461634,0.19484493678461634,Gym / Fitness Center -> Subway,"[(-73.8908548951149, 40.7540041755368), (-74.00898152589798, 40.7540041755368)]","(1.9484493678461634,)","(0.19484493678461634,)"
3,1.9250472786531163,0.19250472786531164,American Restaurant -> Subway -> Home (private),"[(-74.00898152589798, 40.71152385094095), (-74.00898152589798, 40.7540041755368), (-73.94991821050644, 40.71152385094095)]","(1.9250472786531163, 2.561181305162405)","(0.19250472786531164, 0.2561181305162405)"
2,1.9250472786531163,0.19250472786531164,American Restaurant -> Subway,"[(-74.00898152589798, 40.71152385094095), (-74.00898152589798, 40.7540041755368)]","(1.9250472786531163,)","(0.19250472786531164,)"
2,1.9140898192780604,0.19140898192780603,Bus Station -> Neighborhood,"[(-73.83179157972336, 40.79648450013265), (-73.83179157972336, 40.7540041755368)]","(1.9140898192780604,)","(0.19140898192780603,)"
3,1.8921274168152218,0.1892127416815222,Office -> Food & Drink Shop -> Home (private),"[(-74.06804484128952, 40.79648450013265), (-74.00898152589798, 40.7540041755368), (-73.94991821050644, 40.71152385094095)]","(1.8921274168152218, 2.2386543719931526)","(0.1892127416815222, 0.22386543719931526)"
3,1.8921274168152218,0.1892127416815222,Office -> Food & Drink Shop -> Subway,"[(-74.06804484128952, 40.79648450013265), (-74.00898152589798, 40.7540041755368), (-74.00898152589798, 40.7540041755368)]","(1.8921274168152218, 4.796587549034592)","(0.1892127416815222, 0.47965875490345916)"
2,1.8921274168152218,0.1892127416815222,Office -> Food & Drink Shop,"[(-74.06804484128952, 40.79648450013265), (-74.00898152589798, 40.7540041755368)]","(1.8921274168152218,)","(0.1892127416815222,)"
3,1.8565139888881164,0.18565139888881163,Train Station -> Subway -> Home (private),"[(-74.00898152589798, 40.71152385094095), (-74.00898152589798, 40.7540041755368), (-73.94991821050644, 40.71152385094095)]","(1.8565139888881164, 2.561181305162405)","(0.18565139888881163, 0.2561181305162405)"
2,1.8565139888881164,0.18565139888881163,Train Station -> Subway,"[(-74.00898152589798, 40.71152385094095), (-74.00898152589798, 40.7540041755368)]","(1.8565139888881164,)","(0.18565139888881163,)"
4,1.838519191295766,0.1838519191295766,Coffee Shop -> Home (private) -> Food & Drink Shop -> Subway,"[(-74.00898152589798, 40.6690435263451), (-73.94991821050644, 40.71152385094095), (-74.00898152589798, 40.7540041755368), (-74.00898152589798, 40.7540041755368)]","(1.838519191295766, 2.4730390369819975, 4.796587549034592)","(0.1838519191295766, 0.24730390369819974, 0.47965875490345916)"
3,1.838519191295766,0.1838519191295766,Coffee Shop -> Home (private) -> Food & Drink Shop,"[(-74.00898152589798, 40.6690435263451), (-73.94991821050644, 40.71152385094095), (-74.00898152589798, 40.7540041755368)]","(1.838519191295766, 2.4730390369819975)","(0.1838519191295766, 0.24730390369819974)"
3,1.838519191295766,0.1838519191295766,Coffee Shop -> Home (private) -> Subway,"[(-74.00898152589798, 40.6690435263451), (-73.94991821050644, 40.71152385094095), (-74.00898152589798, 40.7540041755368)]","(1.838519191295766, 2.1471758175098308)","(0.1838519191295766, 0.21471758175098307)"
2,1.838519191295766,0.1838519191295766,Coffee Shop -> Home (private),"[(-74.00898152589798, 40.6690435263451), (-73.94991821050644, 40.71152385094095)]","(1.838519191295766,)","(0.1838519191295766,)"
4,1.8382648509447745,0.18382648509447747,Deli / Bodega -> Home (private) -> Food & Drink Shop -> Subway,"[(-74.00898152589798, 40.71152385094095), (-73.94991821050644, 40.71152385094095), (-74.00898152589798, 40.7540041755368), (-74.00898152589798, 40.7540041755368)]","(1.8382648509447745, 2.4730390369819975, 4.796587549034592)","(0.18382648509447747, 0.24730390369819974, 0.47965875490345916)"
3,1.8382648509447745,0.18382648509447747,Deli / Bodega -> Home (private) -> Food & Drink Shop,"[(-74.00898152589798, 40.71152385094095), (-73.94991821050644, 40.71152385094095), (-74.00898152589798, 40.7540041755368)]","(1.8382648509447745, 2.4730390369819975)","(0.18382648509447747, 0.24730390369819974)"
3,1.8382648509447745,0.18382648509447747,Deli / Bodega -> Home (private) -> Subway,"[(-74.00898152589798, 40.71152385094095), (-73.94991821050644, 40.71152385094095), (-74.00898152589798, 40.7540041755368)]","(1.8382648509447745, 2.1471758175098308)","(0.18382648509447747, 0.21471758175098307)"
2,1.8382648509447745,0.18382648509447747,Deli / Bodega -> Home (private),"[(-74.00898152589798, 40.71152385094095), (-73.94991821050644, 40.71152385094095)]","(1.8382648509447745,)","(0.18382648509447747,)"
3,1.8374821869001339,0.1837482186900134,Coffee Shop -> Food & Drink Shop -> Home (private),"[(-73.94991821050644, 40.79648450013265), (-74.00898152589798, 40.7540041755368), (-73.94991821050644, 40.71152385094095)]","(1.8374821869001339, 2.2386543719931526)","(0.1837482186900134, 0.22386543719931526)"
3,1.8374821869001339,0.1837482186900134,Coffee Shop -> Food & Drink Shop -> Subway,"[(-73.94991821050644, 40.79648450013265), (-74.00898152589798, 40.7540041755368), (-74.00898152589798, 40.7540041755368)]","(1.8374821869001339, 4.796587549034592)","(0.1837482186900134, 0.47965875490345916)"
2,1.8374821869001339,0.1837482186900134,Coffee Shop -> Food & Drink Shop,"[(-73.94991821050644, 40.79648450013265), (-74.00898152589798, 40.7540041755368)]","(1.8374821869001339,)","(0.1837482186900134,)"
5,1.8364327972371106,0.18364327972371106,Food & Drink Shop -> Deli / Bodega -> Home (private) -> Food & Drink Shop -> Subway,"[(-74.00898152589798, 40.71152385094095), (-74.00898152589798, 40.7540041755368), (-73.94991821050644, 40.71152385094095), (-74.00898152589798, 40.7540041755368), (-74.00898152589798, 40.7540041755368)]","(1.8364327972371106, 2.434105402839306, 2.4730390369819975, 4.796587549034592)","(0.18364327972371106, 0.2434105402839306, 0.24730390369819974, 0.47965875490345916)"
4,1.8364327972371106,0.18364327972371106,Food & Drink Shop -> Deli / Bodega -> Home (private) -> Food & Drink Shop,"[(-74.00898152589798, 40.71152385094095), (-74.00898152589798, 40.7540041755368), (-73.94991821050644, 40.71152385094095), (-74.00898152589798, 40.7540041755368)]","(1.8364327972371106, 2.434105402839306, 2.4730390369819975)","(0.18364327972371106, 0.2434105402839306, 0.24730390369819974)"
4,1.8364327972371106,0.18364327972371106,Food & Drink Shop -> Deli / Bodega -> Food & Drink Shop -> Subway,"[(-74.00898152589798, 40.71152385094095), (-74.00898152589798, 40.7540041755368), (-74.00898152589798, 40.7540041755368), (-74.00898152589798, 40.7540041755368)]","(1.8364327972371106, 2.9430824430663995, 4.796587549034592)","(0.18364327972371106, 0.29430824430663993, 0.47965875490345916)"
3,1.8364327972371106,0.18364327972371106,Food & Drink Shop -> Deli / Bodega -> Home (private),"[(-74.00898152589798, 40.71152385094095), (-74.00898152589798, 40.7540041755368), (-73.94991821050644, 40.71152385094095)]","(1.8364327972371106, 2.434105402839306)","(0.18364327972371106, 0.2434105402839306)"
3,1.8364327972371106,0.18364327972371106,Food & Drink Shop -> Deli / Bodega -> Food & Drink Shop,"[(-74.00898152589798, 40.71152385094095), (-74.00898152589798, 40.7540041755368), (-74.00898152589798, 40.7540041755368)]","(1.8364327972371106, 2.9430824430663995)","(0.18364327972371106, 0.29430824430663993)"
3,1.8364327972371106,0.18364327972371106,Food & Drink Shop -> Deli / Bodega -> Subway,"[(-74.00898152589798, 40.71152385094095), (-74.00898152589798, 40.7540041755368), (-74.00898152589798, 40.7540041755368)]","(1.8364327972371106, 2.6047965069899117)","(0.18364327972371106, 0.26047965069899115)"
2,1.8364327972371106,0.18364327972371106,Food & Drink Shop -> Deli / Bodega,"[(-74.00898152589798, 40.71152385094095), (-74.00898152589798, 40.7540041755368)]","(1.8364327972371106,)","(0.18364327972371106,)"
4,1.8080620994860332,0.18080620994860333,Office -> Home (private) -> Food & Drink Shop -> Subway,"[(-74.00898152589798, 40.71152385094095), (-73.94991821050644, 40.71152385094095), (-74.00898152589798, 40.7540041755368), (-74.00898152589798, 40.7540041755368)]","(1.8080620994860332, 2.4730390369819975, 4.796587549034592)","(0.18080620994860333, 0.24730390369819974, 0.47965875490345916)"
3,1.8080620994860332,0.18080620994860333,Office -> Home (private) -> Food & Drink Shop,"[(-74.00898152589798, 40.71152385094095), (-73.94991821050644, 40.71152385094095), (-74.00898152589798, 40.7540041755368)]","(1.8080620994860332, 2.4730390369819975)","(0.18080620994860333, 0.24730390369819974)"
3,1.8080620994860332,0.18080620994860333,Office -> Home (private) -> Subway,"[(-74.00898152589798, 40.71152385094095), (-73.94991821050644, 40.71152385094095), (-74.00898152589798, 40.7540041755368)]","(1.8080620994860332, 2.1471758175098308)","(0.18080620994860333, 0.21471758175098307)"
2,1.8080620994860332,0.18080620994860333,Office -> Home (private),"[(-74.00898152589798, 40.71152385094095), (-73.94991821050644, 40.71152385094095)]","(1.8080620994860332,)","(0.18080620994860333,)"
3,1.8011453227759138,0.1801145322775914,Bar -> Subway -> Home (private),"[(-74.00898152589798, 40.7540041755368), (-74.00898152589798, 40.7540041755368), (-73.94991821050644, 40.71152385094095)]","(1.8011453227759138, 2.561181305162405)","(0.1801145322775914, 0.2561181305162405)"
2,1.8011453227759138,0.1801145322775914,Bar -> Subway,"[(-74.00898152589798, 40.7540041755368), (-74.00898152589798, 40.7540041755368)]","(1.8011453227759138,)","(0.1801145322775914,)"
5,1.800990940626328,0.1800990940626328,Bar -> Deli / Bodega -> Home (private) -> Food & Drink Shop -> Subway,"[(-74.00898152589798, 40.71152385094095), (-74.00898152589798, 40.7540041755368), (-73.94991821050644, 40.71152385094095), (-74.00898152589798, 40.7540041755368), (-74.00898152589798, 40.7540041755368)]","(1.800990940626328, 2.434105402839306, 2.4730390369819975, 4.796587549034592)","(0.1800990940626328, 0.2434105402839306, 0.24730390369819974, 0.47965875490345916)"
4,1.800990940626328,0.1800990940626328,Bar -> Deli / Bodega -> Home (private) -> Food & Drink Shop,"[(-74.00898152589798, 40.71152385094095), (-74.00898152589798, 40.7540041755368), (-73.94991821050644, 40.71152385094095), (-74.00898152589798, 40.7540041755368)]","(1.800990940626328, 2.434105402839306, 2.4730390369819975)","(0.1800990940626328, 0.2434105402839306, 0.24730390369819974)"
4,1.800990940626328,0.1800990940626328,Bar -> Deli / Bodega -> Food & Drink Shop -> Subway,"[(-74.00898152589798, 40.71152385094095), (-74.00898152589798, 40.7540041755368), (-74.00898152589798, 40.7540041755368), (-74.00898152589798, 40.7540041755368)]","(1.800990940626328, 2.9430824430663995, 4.796587549034592)","(0.1800990940626328, 0.29430824430663993, 0.47965875490345916)"
3,1.800990940626328,0.1800990940626328,Bar -> Deli / Bodega -> Home (private),"[(-74.00898152589798, 40.71152385094095), (-74.00898152589798, 40.7540041755368), (-73.94991821050644, 40.71152385094095)]","(1.800990940626328, 2.434105402839306)","(0.1800990940626328, 0.2434105402839306)"
3,1.800990940626328,0.1800990940626328,Bar -> Deli / Bodega -> Food & Drink Shop,"[(-74.00898152589798, 40.71152385094095), (-74.00898152589798, 40.7540041755368), (-74.00898152589798, 40.7540041755368)]","(1.800990940626328, 2.9430824430663995)","(0.1800990940626328, 0.29430824430663993)"
3,1.800990940626328,0.1800990940626328,Bar -> Deli / Bodega -> Subway,"[(-74.00898152589798, 40.71152385094095), (-74.00898152589798, 40.7540041755368), (-74.00898152589798, 40.7540041755368)]","(1.800990940626328, 2.6047965069899117)","(0.1800990940626328, 0.26047965069899115)"
2,1.800990940626328,0.1800990940626328,Bar -> Deli / Bodega,"[(-74.00898152589798, 40.71152385094095), (-74.00898152589798, 40.7540041755368)]","(1.800990940626328,)","(0.1800990940626328,)"
4,1.7974316801229506,0.17974316801229506,Train Station -> Home (private) -> Food & Drink Shop -> Subway,"[(-74.00898152589798, 40.7540041755368), (-73.94991821050644, 40.71152385094095), (-74.00898152589798, 40.7540041755368), (-74.00898152589798, 40.7540041755368)]","(1.7974316801229506, 2.4730390369819975, 4.796587549034592)","(0.17974316801229506, 0.24730390369819974, 0.47965875490345916)"
3,1.7974316801229506,0.17974316801229506,Train Station -> Home (private) -> Food & Drink Shop,"[(-74.00898152589798, 40.7540041755368), (-73.94991821050644, 40.71152385094095), (-74.00898152589798, 40.7540041755368)]","(1.7974316801229506, 2.4730390369819975)","(0.17974316801229506, 0.24730390369819974)"
3,1.7974316801229506,0.17974316801229506,Train Station -> Home (private) -> Subway,"[(-74.00898152589798, 40.7540041755368), (-73.94991821050644, 40.71152385094095), (-74.00898152589798, 40.7540041755368)]","(1.7974316801229506, 2.1471758175098308)","(0.17974316801229506, 0.21471758175098307)"
2,1.7974316801229506,0.17974316801229506,Train Station -> Home (private),"[(-74.00898152589798, 40.7540041755368), (-73.94991821050644, 40.71152385094095)]","(1.7974316801229506,)","(0.17974316801229506,)"
3,1.7911667042048727,0.17911667042048726,Office -> Subway -> Home (private),"[(-73.94991821050644, 40.79648450013265), (-74.00898152589798, 40.7540041755368), (-73.94991821050644, 40.71152385094095)]","(1.7911667042048727, 2.561181305162405)","(0.17911667042048726, 0.2561181305162405)"
2,1.7911667042048727,0.17911667042048726,Office -> Subway,"[(-73.94991821050644, 40.79648450013265), (-74.00898152589798, 40.7540041755368)]","(1.7911667042048727,)","(0.17911667042048726,)"
3,1.762785054655884,0.1762785054655884,Home (private) -> Subway -> Home (private),"[(-73.94991821050644, 40.7540041755368), (-74.00898152589798, 40.7540041755368), (-73.94991821050644, 40.71152385094095)]","(1.762785054655884, 2.561181305162405)","(0.1762785054655884, 0.2561181305162405)"
2,1.762785054655884,0.1762785054655884,Home (private) -> Subway,"[(-73.94991821050644, 40.7540041755368), (-74.00898152589798, 40.7540041755368)]","(1.762785054655884,)","(0.1762785054655884,)"
5,1.734310294444847,0.17343102944448469,Coffee Shop -> Deli / Bodega -> Home (private) -> Food & Drink Shop -> Subway,"[(-74.00898152589798, 40.71152385094095), (-74.00898152589798, 40.7540041755368), (-73.94991821050644, 40.71152385094095), (-74.00898152589798, 40.7540041755368), (-74.00898152589798, 40.7540041755368)]","(1.734310294444847, 2.434105402839306, 2.4730390369819975, 4.796587549034592)","(0.17343102944448469, 0.2434105402839306, 0.24730390369819974, 0.47965875490345916)"
4,1.734310294444847,0.17343102944448469,Coffee Shop -> Deli / Bodega -> Home (private) -> Food & Drink Shop,"[(-74.00898152589798, 40.71152385094095), (-74.00898152589798, 40.7540041755368), (-73.94991821050644, 40.71152385094095), (-74.00898152589798, 40.7540041755368)]","(1.734310294444847, 2.434105402839306, 2.4730390369819975)","(0.17343102944448469, 0.2434105402839306, 0.24730390369819974)"
4,1.734310294444847,0.17343102944448469,Coffee Shop -> Deli / Bodega -> Food & Drink Shop -> Subway,"[(-74.00898152589798, 40.71152385094095), (-74.00898152589798, 40.7540041755368), (-74.00898152589798, 40.7540041755368), (-74.00898152589798, 40.7540041755368)]","(1.734310294444847, 2.9430824430663995, 4.796587549034592)","(0.17343102944448469, 0.29430824430663993, 0.47965875490345916)"
3,1.734310294444847,0.17343102944448469,Coffee Shop -> Deli / Bodega -> Home (private),"[(-74.00898152589798, 40.71152385094095), (-74.00898152589798, 40.7540041755368), (-73.94991821050644, 40.71152385094095)]","(1.734310294444847, 2.434105402839306)","(0.17343102944448469, 0.2434105402839306)"
3,1.734310294444847,0.17343102944448469,Coffee Shop -> Deli / Bodega -> Food & Drink Shop,"[(-74.00898152589798, 40.71152385094095), (-74.00898152589798, 40.7540041755368), (-74.00898152589798, 40.7540041755368)]","(1.734310294444847, 2.9430824430663995)","(0.17343102944448469, 0.29430824430663993)"
3,1.734310294444847,0.17343102944448469,Coffee Shop -> Deli / Bodega -> Subway,"[(-74.00898152589798, 40.71152385094095), (-74.00898152589798, 40.7540041755368), (-74.00898152589798, 40.7540041755368)]","(1.734310294444847, 2.6047965069899117)","(0.17343102944448469, 0.26047965069899115)"
2,1.734310294444847,0.17343102944448469,Coffee Shop -> Deli / Bodega,"[(-74.00898152589798, 40.71152385094095), (-74.00898152589798, 40.7540041755368)]","(1.734310294444847,)","(0.17343102944448469,)"
4,1.7075842089759554,0.17075842089759555,Coffee Shop -> Home (private) -> Food & Drink Shop -> Subway,"[(-74.00898152589798, 40.7540041755368), (-73.94991821050644, 40.71152385094095), (-74.00898152589798, 40.7540041755368), (-74.00898152589798, 40.7540041755368)]","(1.7075842089759554, 2.4730390369819975, 4.796587549034592)","(0.17075842089759555, 0.24730390369819974, 0.47965875490345916)"
3,1.7075842089759554,0.17075842089759555,Coffee Shop -> Home (private) -> Food & Drink Shop,"[(-74.00898152589798, 40.7540041755368), (-73.94991821050644, 40.71152385094095), (-74.00898152589798, 40.7540041755368)]","(1.7075842089759554, 2.4730390369819975)","(0.17075842089759555, 0.24730390369819974)"
3,1.7075842089759554,0.17075842089759555,Coffee Shop -> Home (private) -> Subway,"[(-74.00898152589798, 40.7540041755368), (-73.94991821050644, 40.71152385094095), (-74.00898152589798, 40.7540041755368)]","(1.7075842089759554, 2.1471758175098308)","(0.17075842089759555, 0.21471758175098307)"
2,1.7075842089759554,0.17075842089759555,Coffee Shop -> Home (private),"[(-74.00898152589798, 40.7540041755368), (-73.94991821050644, 40.71152385094095)]","(1.7075842089759554,)","(0.17075842089759555,)"
3,1.6927246014133388,0.16927246014133387,Office -> Subway -> Home (private),"[(-74.06804484128952, 40.79648450013265), (-74.00898152589798, 40.7540041755368), (-73.94991821050644, 40.71152385094095)]","(1.6927246014133388, 2.561181305162405)","(0.16927246014133387, 0.2561181305162405)"
2,1.6927246014133388,0.16927246014133387,Office -> Subway,"[(-74.06804484128952, 40.79648450013265), (-74.00898152589798, 40.7540041755368)]","(1.6927246014133388,)","(0.16927246014133387,)"
4,1.6453000079234257,0.16453000079234256,Home (private) -> Deli / Bodega -> Food & Drink Shop -> Subway,"[(-73.94991821050644, 40.71152385094095), (-74.00898152589798, 40.7540041755368), (-74.00898152589798, 40.7540041755368), (-74.00898152589798, 40.7540041755368)]","(1.6453000079234257, 2.9430824430663995, 4.796587549034592)","(0.16453000079234256, 0.29430824430663993, 0.47965875490345916)"
3,1.6453000079234257,0.16453000079234256,Home (private) -> Deli / Bodega -> Food & Drink Shop,"[(-73.94991821050644, 40.71152385094095), (-74.00898152589798, 40.7540041755368), (-74.00898152589798, 40.7540041755368)]","(1.6453000079234257, 2.9430824430663995)","(0.16453000079234256, 0.29430824430663993)"
3,1.6453000079234257,0.16453000079234256,Home (private) -> Deli / Bodega -> Subway,"[(-73.94991821050644, 40.71152385094095), (-74.00898152589798, 40.7540041755368), (-74.00898152589798, 40.7540041755368)]","(1.6453000079234257, 2.6047965069899117)","(0.16453000079234256, 0.26047965069899115)"
2,1.6453000079234257,0.16453000079234256,Home (private) -> Deli / Bodega,"[(-73.94991821050644, 40.71152385094095), (-74.00898152589798, 40.7540041755368)]","(1.6453000079234257,)","(0.16453000079234256,)"
3,1.6438455173455016,0.16438455173455016,Coffee Shop -> Subway -> Home (private),"[(-73.94991821050644, 40.79648450013265), (-74.00898152589798, 40.7540041755368), (-73.94991821050644, 40.71152385094095)]","(1.6438455173455016, 2.561181305162405)","(0.16438455173455016, 0.2561181305162405)"
2,1.6438455173455016,0.16438455173455016,Coffee Shop -> Subway,"[(-73.94991821050644, 40.79648450013265), (-74.00898152589798, 40.7540041755368)]","(1.6438455173455016,)","(0.16438455173455016,)"
5,1.612518976175528,0.16125189761755282,Office -> Deli / Bodega -> Home (private) -> Food & Drink Shop -> Subway,"[(-74.00898152589798, 40.7540041755368), (-74.00898152589798, 40.7540041755368), (-73.94991821050644, 40.71152385094095), (-74.00898152589798, 40.7540041755368), (-74.00898152589798, 40.7540041755368)]","(1.612518976175528, 2.434105402839306, 2.4730390369819975, 4.796587549034592)","(0.16125189761755282, 0.2434105402839306, 0.24730390369819974, 0.47965875490345916)"
4,1.612518976175528,0.16125189761755282,Office -> Deli / Bodega -> Home (private) -> Food & Drink Shop,"[(-74.00898152589798, 40.7540041755368), (-74.00898152589798, 40.7540041755368), (-73.94991821050644, 40.71152385094095), (-74.00898152589798, 40.7540041755368)]","(1.612518976175528, 2.434105402839306, 2.4730390369819975)","(0.16125189761755282, 0.2434105402839306, 0.24730390369819974)"
4,1.612518976175528,0.16125189761755282,Office -> Deli / Bodega -> Food & Drink Shop -> Subway,"[(-74.00898152589798, 40.7540041755368), (-74.00898152589798, 40.7540041755368), (-74.00898152589798, 40.7540041755368), (-74.00898152589798, 40.7540041755368)]","(1.612518976175528, 2.9430824430663995, 4.796587549034592)","(0.16125189761755282, 0.29430824430663993, 0.47965875490345916)"
3,1.612518976175528,0.16125189761755282,Office -> Deli / Bodega -> Home (private),"[(-74.00898152589798, 40.7540041755368), (-74.00898152589798, 40.7540041755368), (-73.94991821050644, 40.71152385094095)]","(1.612518976175528, 2.434105402839306)","(0.16125189761755282, 0.2434105402839306)"
3,1.612518976175528,0.16125189761755282,Office -> Deli / Bodega -> Food & Drink Shop,"[(-74.00898152589798, 40.7540041755368), (-74.00898152589798, 40.7540041755368), (-74.00898152589798, 40.7540041755368)]","(1.612518976175528, 2.9430824430663995)","(0.16125189761755282, 0.29430824430663993)"
3,1.612518976175528,0.16125189761755282,Office -> Deli / Bodega -> Subway,"[(-74.00898152589798, 40.7540041755368), (-74.00898152589798, 40.7540041755368), (-74.00898152589798, 40.7540041755368)]","(1.612518976175528, 2.6047965069899117)","(0.16125189761755282, 0.26047965069899115)"
2,1.612518976175528,0.16125189761755282,Office -> Deli / Bodega,"[(-74.00898152589798, 40.7540041755368), (-74.00898152589798, 40.7540041755368)]","(1.612518976175528,)","(0.16125189761755282,)"
5,1.6091949104626238,0.16091949104626238,Deli / Bodega -> Home (private) -> Deli / Bodega -> Food & Drink Shop -> Subway,"[(-73.94991821050644, 40.6690435263451), (-73.94991821050644, 40.71152385094095), (-74.00898152589798, 40.7540041755368), (-74.00898152589798, 40.7540041755368), (-74.00898152589798, 40.7540041755368)]","(1.6091949104626238, 1.6453000079234257, 2.9430824430663995, 4.796587549034592)","(0.16091949104626238, 0.16453000079234256, 0.29430824430663993, 0.47965875490345916)"
4,1.6091949104626238,0.16091949104626238,Deli / Bodega -> Home (private) -> Deli / Bodega -> Food & Drink Shop,"[(-73.94991821050644, 40.6690435263451), (-73.94991821050644, 40.71152385094095), (-74.00898152589798, 40.7540041755368), (-74.00898152589798, 40.7540041755368)]","(1.6091949104626238, 1.6453000079234257, 2.9430824430663995)","(0.16091949104626238, 0.16453000079234256, 0.29430824430663993)"
4,1.6091949104626238,0.16091949104626238,Deli / Bodega -> Home (private) -> Deli / Bodega -> Subway,"[(-73.94991821050644, 40.6690435263451), (-73.94991821050644, 40.71152385094095), (-74.00898152589798, 40.7540041755368), (-74.00898152589798, 40.7540041755368)]","(1.6091949104626238, 1.6453000079234257, 2.6047965069899117)","(0.16091949104626238, 0.16453000079234256, 0.26047965069899115)"
4,1.6091949104626238,0.16091949104626238,Deli / Bodega -> Home (private) -> Food & Drink Shop -> Subway,"[(-73.94991821050644, 40.6690435263451), (-73.94991821050644, 40.71152385094095), (-74.00898152589798, 40.7540041755368), (-74.00898152589798, 40.7540041755368)]","(1.6091949104626238, 2.4730390369819975, 4.796587549034592)","(0.16091949104626238, 0.24730390369819974, 0.47965875490345916)"
3,1.6091949104626238,0.16091949104626238,Deli / Bodega -> Home (private) -> Deli / Bodega,"[(-73.94991821050644, 40.6690435263451), (-73.94991821050644, 40.71152385094095), (-74.00898152589798, 40.7540041755368)]","(1.6091949104626238, 1.6453000079234257)","(0.16091949104626238, 0.16453000079234256)"
3,1.6091949104626238,0.16091949104626238,Deli / Bodega -> Home (private) -> Food & Drink Shop,"[(-73.94991821050644, 40.6690435263451), (-73.94991821050644, 40.71152385094095), (-74.00898152589798, 40.7540041755368)]","(1.6091949104626238, 2.4730390369819975)","(0.16091949104626238, 0.24730390369819974)"
3,1.6091949104626238,0.16091949104626238,Deli / Bodega -> Home (private) -> Subway,"[(-73.94991821050644, 40.6690435263451), (-73.94991821050644, 40.71152385094095), (-74.00898152589798, 40.7540041755368)]","(1.6091949104626238, 2.1471758175098308)","(0.16091949104626238, 0.21471758175098307)"
2,1.6091949104626238,0.16091949104626238,Deli / Bodega -> Home (private),"[(-73.94991821050644, 40.6690435263451), (-73.94991821050644, 40.71152385094095)]","(1.6091949104626238,)","(0.16091949104626238,)"
5,1.6036214728718168,0.16036214728718168,Bus Station -> Home (private) -> Deli / Bodega -> Food & Drink Shop -> Subway,"[(-73.83179157972336, 40.71152385094095), (-73.94991821050644, 40.71152385094095), (-74.00898152589798, 40.7540041755368), (-74.00898152589798, 40.7540041755368), (-74.00898152589798, 40.7540041755368)]","(1.6036214728718168, 1.6453000079234257, 2.9430824430663995, 4.796587549034592)","(0.16036214728718168, 0.16453000079234256, 0.29430824430663993, 0.47965875490345916)"
4,1.6036214728718168,0.16036214728718168,Bus Station -> Home (private) -> Deli / Bodega -> Food & Drink Shop,"[(-73.83179157972336, 40.71152385094095), (-73.94991821050644, 40.71152385094095), (-74.00898152589798, 40.7540041755368), (-74.00898152589798, 40.7540041755368)]","(1.6036214728718168, 1.6453000079234257, 2.9430824430663995)","(0.16036214728718168, 0.16453000079234256, 0.29430824430663993)"
4,1.6036214728718168,0.16036214728718168,Bus Station -> Home (private) -> Deli / Bodega -> Subway,"[(-73.83179157972336, 40.71152385094095), (-73.94991821050644, 40.71152385094095), (-74.00898152589798, 40.7540041755368), (-74.00898152589798, 40.7540041755368)]","(1.6036214728718168, 1.6453000079234257, 2.6047965069899117)","(0.16036214728718168, 0.16453000079234256, 0.26047965069899115)"
4,1.6036214728718168,0.16036214728718168,Bus Station -> Home (private) -> Food & Drink Shop -> Subway,"[(-73.83179157972336, 40.71152385094095), (-73.94991821050644, 40.71152385094095), (-74.00898152589798, 40.7540041755368), (-74.00898152589798, 40.7540041755368)]","(1.6036214728718168, 2.4730390369819975, 4.796587549034592)","(0.16036214728718168, 0.24730390369819974, 0.47965875490345916)"
3,1.6036214728718168,0.16036214728718168,Bus Station -> Home (private) -> Deli / Bodega,"[(-73.83179157972336, 40.71152385094095), (-73.94991821050644, 40.71152385094095), (-74.00898152589798, 40.7540041755368)]","(1.6036214728718168, 1.6453000079234257)","(0.16036214728718168, 0.16453000079234256)"
3,1.6036214728718168,0.16036214728718168,Bus Station -> Home (private) -> Food & Drink Shop,"[(-73.83179157972336, 40.71152385094095), (-73.94991821050644, 40.71152385094095), (-74.00898152589798, 40.7540041755368)]","(1.6036214728718168, 2.4730390369819975)","(0.16036214728718168, 0.24730390369819974)"
3,1.6036214728718168,0.16036214728718168,Bus Station -> Home (private) -> Subway,"[(-73.83179157972336, 40.71152385094095), (-73.94991821050644, 40.71152385094095), (-74.00898152589798, 40.7540041755368)]","(1.6036214728718168, 2.1471758175098308)","(0.16036214728718168, 0.21471758175098307)"
2,1.6036214728718168,0.16036214728718168,Bus Station -> Home (private),"[(-73.83179157972336, 40.71152385094095), (-73.94991821050644, 40.71152385094095)]","(1.6036214728718168,)","(0.16036214728718168,)"
5,1.5920899217788453,0.15920899217788453,American Restaurant -> Home (private) -> Deli / Bodega -> Food & Drink Shop -> Subway,"[(-73.94991821050644, 40.7540041755368), (-73.94991821050644, 40.71152385094095), (-74.00898152589798, 40.7540041755368), (-74.00898152589798, 40.7540041755368), (-74.00898152589798, 40.7540041755368)]","(1.5920899217788453, 1.6453000079234257, 2.9430824430663995, 4.796587549034592)","(0.15920899217788453, 0.16453000079234256, 0.29430824430663993, 0.47965875490345916)"
4,1.5920899217788453,0.15920899217788453,American Restaurant -> Home (private) -> Deli / Bodega -> Food & Drink Shop,"[(-73.94991821050644, 40.7540041755368), (-73.94991821050644, 40.71152385094095), (-74.00898152589798, 40.7540041755368), (-74.00898152589798, 40.7540041755368)]","(1.5920899217788453, 1.6453000079234257, 2.9430824430663995)","(0.15920899217788453, 0.16453000079234256, 0.29430824430663993)"
4,1.5920899217788453,0.15920899217788453,American Restaurant -> Home (private) -> Deli / Bodega -> Subway,"[(-73.94991821050644, 40.7540041755368), (-73.94991821050644, 40.71152385094095), (-74.00898152589798, 40.7540041755368), (-74.00898152589798, 40.7540041755368)]","(1.5920899217788453, 1.6453000079234257, 2.6047965069899117)","(0.15920899217788453, 0.16453000079234256, 0.26047965069899115)"
4,1.5920899217788453,0.15920899217788453,American Restaurant -> Home (private) -> Food & Drink Shop -> Subway,"[(-73.94991821050644, 40.7540041755368), (-73.94991821050644, 40.71152385094095), (-74.00898152589798, 40.7540041755368), (-74.00898152589798, 40.7540041755368)]","(1.5920899217788453, 2.4730390369819975, 4.796587549034592)","(0.15920899217788453, 0.24730390369819974, 0.47965875490345916)"
3,1.5920899217788453,0.15920899217788453,American Restaurant -> Home (private) -> Deli / Bodega,"[(-73.94991821050644, 40.7540041755368), (-73.94991821050644, 40.71152385094095), (-74.00898152589798, 40.7540041755368)]","(1.5920899217788453, 1.6453000079234257)","(0.15920899217788453, 0.16453000079234256)"
3,1.5920899217788453,0.15920899217788453,American Restaurant -> Home (private) -> Food & Drink Shop,"[(-73.94991821050644, 40.7540041755368), (-73.94991821050644, 40.71152385094095), (-74.00898152589798, 40.7540041755368)]","(1.5920899217788453, 2.4730390369819975)","(0.15920899217788453, 0.24730390369819974)"
3,1.5920899217788453,0.15920899217788453,American Restaurant -> Home (private) -> Subway,"[(-73.94991821050644, 40.7540041755368), (-73.94991821050644, 40.71152385094095), (-74.00898152589798, 40.7540041755368)]","(1.5920899217788453, 2.1471758175098308)","(0.15920899217788453, 0.21471758175098307)"
2,1.5920899217788453,0.15920899217788453,American Restaurant -> Home (private),"[(-73.94991821050644, 40.7540041755368), (-73.94991821050644, 40.71152385094095)]","(1.5920899217788453,)","(0.15920899217788453,)"
5,1.5769152969056952,0.15769152969056952,Office -> Home (private) -> Deli / Bodega -> Food & Drink Shop -> Subway,"[(-73.94991821050644, 40.7540041755368), (-73.94991821050644, 40.71152385094095), (-74.00898152589798, 40.7540041755368), (-74.00898152589798, 40.7540041755368), (-74.00898152589798, 40.7540041755368)]","(1.5769152969056952, 1.6453000079234257, 2.9430824430663995, 4.796587549034592)","(0.15769152969056952, 0.16453000079234256, 0.29430824430663993, 0.47965875490345916)"
4,1.5769152969056952,0.15769152969056952,Office -> Home (private) -> Deli / Bodega -> Food & Drink Shop,"[(-73.94991821050644, 40.7540041755368), (-73.94991821050644, 40.71152385094095), (-74.00898152589798, 40.7540041755368), (-74.00898152589798, 40.7540041755368)]","(1.5769152969056952, 1.6453000079234257, 2.9430824430663995)","(0.15769152969056952, 0.16453000079234256, 0.29430824430663993)"
4,1.5769152969056952,0.15769152969056952,Office -> Home (private) -> Deli / Bodega -> Subway,"[(-73.94991821050644, 40.7540041755368), (-73.94991821050644, 40.71152385094095), (-74.00898152589798, 40.7540041755368), (-74.00898152589798, 40.7540041755368)]","(1.5769152969056952, 1.6453000079234257, 2.6047965069899117)","(0.15769152969056952, 0.16453000079234256, 0.26047965069899115)"
4,1.5769152969056952,0.15769152969056952,Office -> Home (private) -> Food & Drink Shop -> Subway,"[(-73.94991821050644, 40.7540041755368), (-73.94991821050644, 40.71152385094095), (-74.00898152589798, 40.7540041755368), (-74.00898152589798, 40.7540041755368)]","(1.5769152969056952, 2.4730390369819975, 4.796587549034592)","(0.15769152969056952, 0.24730390369819974, 0.47965875490345916)"
3,1.5769152969056952,0.15769152969056952,Office -> Home (private) -> Deli / Bodega,"[(-73.94991821050644, 40.7540041755368), (-73.94991821050644, 40.71152385094095), (-74.00898152589798, 40.7540041755368)]","(1.5769152969056952, 1.6453000079234257)","(0.15769152969056952, 0.16453000079234256)"
3,1.5769152969056952,0.15769152969056952,Office -> Home (private) -> Food & Drink Shop,"[(-73.94991821050644, 40.7540041755368), (-73.94991821050644, 40.71152385094095), (-74.00898152589798, 40.7540041755368)]","(1.5769152969056952, 2.4730390369819975)","(0.15769152969056952, 0.24730390369819974)"
3,1.5769152969056952,0.15769152969056952,Office -> Home (private) -> Subway,"[(-73.94991821050644, 40.7540041755368), (-73.94991821050644, 40.71152385094095), (-74.00898152589798, 40.7540041755368)]","(1.5769152969056952, 2.1471758175098308)","(0.15769152969056952, 0.21471758175098307)"
2,1.5769152969056952,0.15769152969056952,Office -> Home (private),"[(-73.94991821050644, 40.7540041755368), (-73.94991821050644, 40.71152385094095)]","(1.5769152969056952,)","(0.15769152969056952,)"
5,1.5337319045603215,0.15337319045603215,Office -> Deli / Bodega -> Home (private) -> Food & Drink Shop -> Subway,"[(-74.00898152589798, 40.71152385094095), (-74.00898152589798, 40.7540041755368), (-73.94991821050644, 40.71152385094095), (-74.00898152589798, 40.7540041755368), (-74.00898152589798, 40.7540041755368)]","(1.5337319045603215, 2.434105402839306, 2.4730390369819975, 4.796587549034592)","(0.15337319045603215, 0.2434105402839306, 0.24730390369819974, 0.47965875490345916)"
4,1.5337319045603215,0.15337319045603215,Office -> Deli / Bodega -> Home (private) -> Food & Drink Shop,"[(-74.00898152589798, 40.71152385094095), (-74.00898152589798, 40.7540041755368), (-73.94991821050644, 40.71152385094095), (-74.00898152589798, 40.7540041755368)]","(1.5337319045603215, 2.434105402839306, 2.4730390369819975)","(0.15337319045603215, 0.2434105402839306, 0.24730390369819974)"
4,1.5337319045603215,0.15337319045603215,Office -> Deli / Bodega -> Food & Drink Shop -> Subway,"[(-74.00898152589798, 40.71152385094095), (-74.00898152589798, 40.7540041755368), (-74.00898152589798, 40.7540041755368), (-74.00898152589798, 40.7540041755368)]","(1.5337319045603215, 2.9430824430663995, 4.796587549034592)","(0.15337319045603215, 0.29430824430663993, 0.47965875490345916)"
3,1.5337319045603215,0.15337319045603215,Office -> Deli / Bodega -> Home (private),"[(-74.00898152589798, 40.71152385094095), (-74.00898152589798, 40.7540041755368), (-73.94991821050644, 40.71152385094095)]","(1.5337319045603215, 2.434105402839306)","(0.15337319045603215, 0.2434105402839306)"
3,1.5337319045603215,0.15337319045603215,Office -> Deli / Bodega -> Food & Drink Shop,"[(-74.00898152589798, 40.71152385094095), (-74.00898152589798, 40.7540041755368), (-74.00898152589798, 40.7540041755368)]","(1.5337319045603215, 2.9430824430663995)","(0.15337319045603215, 0.29430824430663993)"
3,1.5337319045603215,0.15337319045603215,Office -> Deli / Bodega -> Subway,"[(-74.00898152589798, 40.71152385094095), (-74.00898152589798, 40.7540041755368), (-74.00898152589798, 40.7540041755368)]","(1.5337319045603215, 2.6047965069899117)","(0.15337319045603215, 0.26047965069899115)"
2,1.5337319045603215,0.15337319045603215,Office -> Deli / Bodega,"[(-74.00898152589798, 40.71152385094095), (-74.00898152589798, 40.7540041755368)]","(1.5337319045603215,)","(0.15337319045603215,)"
